9620012001250007
9620012001250011
9620012001250020
9620012001250032
9620012001250044
9620012001250051
9620012001250064
9620012001250073
9620012001250088
9620012001250094
9620012001250106
9620012001250114
9620012001250124
9620012001250137
9620012001250141
9620012001250157
9620012001250162
9620012001250171
9620012001250187
9620012001250193
9620012001250204
9620012001250214
9620012001250223
9620012001250232
9620012001250243
9620012001250253
9620012001250262
9620012001250278
9620012001250287
9620012001250299
9620012001250305
9620012001250318
9620012001250320
9620012001250334
9620012001250349
9620012001250358
9620012001250365
9620012001250372
9620012001250388
9620012001250393
9620012001250406
9620012001250410
9620012001250422
9620012001250437
9620012001250449
9620012001250455
9620012001250467
9620012001250476
9620012001250485
9620012001250499
9620012001250507
9620012001250513
9620012001250525
9620012001250530
9620012001250541
9620012001250556
9620012001250562
9620012001250576
9620012001250580
9620012001250597
9620012001250601
9620012001250610
9620012001250624
9620012001250631
9620012001250648
9620012001250653
9620012001250662
9620012001250678
9620012001250680
9620012001250695
9620012001250700
9620012001250711
9620012001250723
9620012001250736
9620012001250740
9620012001250756
9620012001250764
9620012001250774
9620012001250780
9620012001250794
9620012001250800
9620012001250811
9620012001250822
9620012001250831
9620012001250841
9620012001250856
9620012001250862
9620012001250874
9620012001250883
9620012001250890
9620012001250908
9620012001250911
9620012001250924
9620012001250935
9620012001250944
9620012001250958
9620012001250967
9620012001250970
9620012001250985
9620012001250994
9620012001251001
9620012001251012
9620012001251020
9620012001251039
9620012001251044
9620012001251054
9620012001251062
9620012001251077
9620012001251086
9620012001251095
9620012001251106
9620012001251113
9620012001251121
9620012001251132
9620012001251142
9620012001251154
9620012001251164
9620012001251174
9620012001251182
9620012001251193
9620012001251207
9620012001251213
9620012001251226
9620012001251231
9620012001251240
9620012001251251
9620012001251264
9620012001251277
9620012001251289
9620012001251292
9620012001251308
9620012001251317
9620012001251327
9620012001251338
9620012001251345
9620012001251350
9620012001251362
9620012001251373
9620012001251381
9620012001251397
9620012001251406
9620012001251415
9620012001251428
9620012001251431
9620012001251449
9620012001251452
9620012001251467
9620012001251471
9620012001251482
9620012001251499
9620012001251501
9620012001251510
9620012001251522
9620012001251534
9620012001251546
9620012001251556
9620012001251565
9620012001251570
9620012001251581
9620012001251595
9620012001251605
9620012001251615
9620012001251629
9620012001251637
9620012001251643
9620012001251653
9620012001251669
9620012001251672
9620012001251681
9620012001251693
9620012001251702
9620012001251711
9620012001251726
9620012001251732
9620012001251749
9620012001251756
9620012001251766
9620012001251776
9620012001251787
9620012001251794
9620012001251807
9620012001251818
9620012001251824
9620012001251838
9620012001251848
9620012001251857
9620012001251864
9620012001251872
9620012001251887
9620012001251893
9620012001251900
9620012001251916
9620012001251928
9620012001251931
9620012001251940
9620012001251957
9620012001251961
9620012001251973
9620012001251982
9620012001251992