05654284071
32053017004
53871848636
08703447776
68434989767
56642599335
17993387348
22704073433
48234407384
53632764193
63591477526
42469102573
28345839413
89051000886
87858668413
08361643774
15841370470
57281079914
33163632247
45895630749
13799398640
87531410710
51243320023
39529003298
24332850247
64853611014
58960762359
46810375896
24227038338
41473552067
95891128060
81168026585
28975910756
00660592028
42203594136
83287131612
62859940148
02115898331
10396966887
67445553026
80703088984
65403072263
09079306890
21783190573
21374969181
31106600803
30875252783
00668131335
11459112939
55725128298
67107173991
57154246089
48039984029
94749654379
67003024543
41337128649
92438737941
49333885127
84694782579
87822569363
13087411238
58976163272
41491002236
04846983309
64546799753
79377548786
95775573789
12900250111
07409347571
99099280688
64055516479
24573436280
80285481807
82251183171
09768891965
10223262484
33392184475
41462992589
95969247602
08670208475
68734625750
58938491982
17349554501
50443779987
30931582262
23863903292
01359450943
38818922643
92001043423
30313883030
68206198714
98341953454
93203558892
39313957711
79397533987
96677547395
12810807133
96036460514
10509972554
98615284965
58612663922
04885959331
91612212465
09322115839
27074297387
79686392601
86312767621
11010637171
12208780737
52263827380
68021199184
18212737255
25397757528
08801088165
09579780347
03489544690
88359472071
42029294960
82256940311
59226934630
12486636580
67526110901
84729222026
82749932861
05871083880
23995026606
50610925347
78178850566
35579321613
00936168250
68657979805
03763422453
18869068850
57381570620
22437527660
56293470516
57795373571
24498888547
97365925776
60385300362
18062221236
25255628779
10292070916
33598677239
37417877017
01822562734
26601205737
97860349170
88213688437
76165546425
48197919051
59184283028
09973352829
22416060419
24880649006
81061281761
79326235528
86119624014
93727933656
36877376253
85372944342
06024229819
48146897436
13598363299
90308696811
13083509538
40868590215
96834241447
29506698727
07776224098
69095567459
36608531996
65189397651
29360487908
51801927473
41485793610
40962900787
41116700216
23077213742
13110489508
38852588247
00344872526
64132416051
32652730970
94761419341
71743433392
05271403628
43155825574
00882480154
98126051817
89089575288
95816664061
48706426011
13029132107
53600656465
44764843526
61166862997
33740907376
44324681676
52932684208
